 ILYR	IROW	ICOL	CELLTOP	CELLBOT	IBOUND	HK	HANI	VKA	VKCB	TKCB	SC1	SC2	WETDRY	SHEAD
1	1	1	50	0	-1	50	0	0	0	0	0	0	0	10
1	1	2	50	0	1	50	0	0	0	0	0	0	0	50
1	1	3	50	0	1	50	0	0	0	0	0	0	0	50
1	1	4	50	0	1	50	0	0	0	0	0	0	0	50
1	1	5	50	0	1	50	0	0	0	0	0	0	0	50
1	1	6	50	0	1	50	0	0	0	0	0	0	0	50
1	1	7	50	0	1	50	0	0	0	0	0	0	0	50
1	1	8	50	0	1	50	0	0	0	0	0	0	0	50
1	1	9	50	0	1	50	0	0	0	0	0	0	0	50
1	1	10	50	0	1	50	0	0	0	0	0	0	0	50
1	1	11	50	0	1	50	0	0	0	0	0	0	0	50
1	1	12	50	0	1	50	0	0	0	0	0	0	0	50
1	1	13	50	0	1	50	0	0	0	0	0	0	0	50
1	1	14	50	0	1	50	0	0	0	0	0	0	0	50
1	1	15	50	0	1	50	0	0	0	0	0	0	0	50
1	1	16	50	0	1	50	0	0	0	0	0	0	0	50
1	1	17	50	0	1	50	0	0	0	0	0	0	0	50
1	1	18	50	0	1	50	0	0	0	0	0	0	0	50
1	1	19	50	0	1	50	0	0	0	0	0	0	0	50
1	1	20	50	0	1	50	0	0	0	0	0	0	0	50
1	1	21	50	0	1	50	0	0	0	0	0	0	0	50
1	1	22	50	0	1	50	0	0	0	0	0	0	0	50
1	1	23	50	0	1	50	0	0	0	0	0	0	0	50
1	1	24	50	0	1	50	0	0	0	0	0	0	0	50
1	1	25	50	0	1	50	0	0	0	0	0	0	0	50
1	1	26	50	0	1	50	0	0	0	0	0	0	0	50
1	1	27	50	0	1	50	0	0	0	0	0	0	0	50
1	1	28	50	0	1	50	0	0	0	0	0	0	0	50
1	1	29	50	0	1	50	0	0	0	0	0	0	0	50
1	1	30	50	0	1	50	0	0	0	0	0	0	0	50
1	1	31	50	0	1	50	0	0	0	0	0	0	0	50
1	1	32	50	0	1	50	0	0	0	0	0	0	0	50
1	1	33	50	0	1	50	0	0	0	0	0	0	0	50
1	1	34	50	0	1	50	0	0	0	0	0	0	0	50
1	1	35	50	0	1	50	0	0	0	0	0	0	0	50
1	1	36	50	0	1	50	0	0	0	0	0	0	0	50
1	1	37	50	0	1	50	0	0	0	0	0	0	0	50
1	1	38	50	0	1	50	0	0	0	0	0	0	0	50
1	1	39	50	0	1	50	0	0	0	0	0	0	0	50
1	1	40	50	0	-1	50	0	0	0	0	0	0	0	50
